import pandas as pd
from datetime import datetime, timedelta

# Generate 30 days of data
start_date = datetime.today() - timedelta(days=29)
dates = [start_date + timedelta(days=i) for i in range(30)]

# Generate realistic sample data
data = {
    "datetime": [d.strftime("%Y-%m-%d") for d in dates],
    "steps": [8450,6120,10420,7200,9800,5300,11050,6900,10230,6400,
              8700,5800,10800,7100,9900,5600,11200,6800,10100,6200,
              9500,5400,10900,7200,9800,6000,11100,6900,10300,6300],
    "active_minutes": [82,60,102,70,95,52,108,68,100,63,
                       85,56,105,69,97,54,110,66,99,61,
                       92,53,106,70,95,58,109,67,101,62],
    "calories": [2310,2050,2550,2150,2480,1950,2650,2100,2520,2080,
                 2350,1980,2600,2120,2500,1920,2700,2100,2480,2050,
                 2450,1950,2620,2150,2500,2000,2680,2100,2550,2070],
    "heart_rate": [142,68,150,72,145,65,152,70,148,69,
                   138,66,151,71,146,64,153,70,147,66,
                   144,65,150,72,145,66,152,70,149,68],
    "total_sleep_minutes": [420,390,440,410,435,380,450,405,445,395,
                            430,385,455,410,440,375,460,405,442,392,
                            435,380,452,410,438,388,458,405,445,395],
    "deep_sleep": [95,82,110,90,105,80,115,88,112,83,
                   102,82,118,90,108,78,120,88,109,84,
                   106,80,117,90,107,84,119,88,110,85],
    "rem_sleep": [88,75,92,80,90,72,95,77,94,76,
                  89,73,98,79,91,70,100,78,92,75,
                  89,72,97,80,90,75,99,78,93,76],
    "stress_level": [55,60,48,57,50,63,45,58,47,59,
                     52,62,44,56,49,65,43,57,48,61,
                     50,63,45,55,49,61,43,56,47,62],
    "energy_score": [82,75,88,78,85,70,90,77,89,74,
                     83,72,92,79,87,69,93,78,88,73,
                     85,70,91,80,86,73,92,79,89,74],
    "body_fat_percent": [17.8,17.9,17.7,17.8,17.6,17.9,17.5,17.8,17.6,17.8,
                         17.7,17.9,17.5,17.8,17.6,17.9,17.4,17.8,17.6,17.8,
                         17.7,17.9,17.5,17.8,17.6,17.8,17.4,17.8,17.6,17.8],
    "muscle_mass": [72.5,72.4,72.6,72.5,72.7,72.3,72.8,72.6,72.9,72.5,
                    72.6,72.4,73.0,72.6,72.8,72.3,73.1,72.7,72.9,72.5,
                    72.8,72.4,73.0,72.6,72.9,72.5,73.1,72.7,72.9,72.6],
    "ecg_signal": [0.12,0.05,0.15,0.03,0.18,0.02,0.20,0.04,0.17,0.06,
                   0.11,0.03,0.22,0.05,0.16,0.02,0.25,0.04,0.18,0.06,
                   0.15,0.02,0.21,0.05,0.17,0.04,0.24,0.05,0.18,0.06],
    "systolic": [121,118,124,119,122,117,125,120,123,118,
                 121,117,126,119,123,116,127,120,123,118,
                 122,117,125,119,123,118,126,120,124,118],
    "diastolic": [78,76,80,77,79,75,81,78,80,76,
                  79,75,82,77,80,74,83,78,80,76,
                  79,75,82,77,80,76,83,78,80,76],
    "spo2": [97,98,97,98,97,98,97,98,97,98,
             97,98,97,98,97,98,97,98,97,98,
             97,98,97,98,97,98,97,98,97,98],
    "apnea_events": [1,0,1,0,2,0,1,0,1,0,
                     1,0,1,0,2,0,1,0,1,0,
                     1,0,1,0,2,0,1,0,1,0],
    "fall_detected": [0,0,0,0,0,0,0,0,0,0,
                      0,0,0,0,0,0,0,0,0,0,
                      0,0,0,0,0,0,0,0,0,0],
    "cycle_day": [12,13,14,15,16,17,18,19,20,21,
                  22,23,24,25,26,27,28,1,2,3,
                  4,5,6,7,8,9,10,11,12,13],
    "carotenoids": [4.3,4.4,4.6,4.5,4.7,4.3,4.8,4.5,4.7,4.4,
                     4.6,4.4,4.9,4.5,4.7,4.3,5.0,4.6,4.8,4.4,
                     4.7,4.3,4.9,4.5,4.8,4.4,5.0,4.6,4.8,4.5]
}

df = pd.DataFrame(data)

# Save to CSV
csv_filename = "/mnt/data/galaxy_watch_master.csv"
df.to_csv(csv_filename, index=False)
csv_filename

